{
 "cells": [
  {
   "cell_type": "markdown",
   "id": "b0a8e1d1-c3d0-4e2e-b0b6-6905df2da3ff",
   "metadata": {},
   "source": [
    "## The following securities are included in the Markowitz Portfolio Optimization:\n",
    "#### XLK, XLF, XLV, XLY, XLP, XLE, XLU, XLI, VNQ"
   ]
  },
  {
   "cell_type": "code",
   "execution_count": 67,
   "id": "173b1f11-71f4-4209-9a14-dcda3f074f9c",
   "metadata": {},
   "outputs": [],
   "source": [
    "etfs = ['XLK','XLF', 'XLV', 'XLY', 'XLP', 'XLE', 'XLU', 'XLI', 'VNQ']\n",
    "#etfs = [\"AAPL\", \"MSFT\", \"AMZN\", \"GOOGL\", \"TSLA\", \"NVDA\", \"JNJ\", \"V\", \"MA\", \"DIS\", \"GME\", \"KSS\", \"XELA\", \"SPCE\", \"BB\", \"CLNE\", \"RIG\", \"MELI\"]"
   ]
  },
  {
   "cell_type": "markdown",
   "id": "fe42e9f5-da71-4109-b7cf-802bb307d603",
   "metadata": {},
   "source": [
    "## Collect security data from yfinance for a period of **10 Years**\n",
    "##### *this is only done if data is not already pickled*\n",
    "> You may refresh the data by deleting the security_data.pkl file"
   ]
  },
  {
   "cell_type": "code",
   "execution_count": 68,
   "id": "96031056-5d8d-4ba9-b5f5-6ea9ff40cacd",
   "metadata": {},
   "outputs": [],
   "source": [
    "import os\n",
    "import pickle\n",
    "import yfinance as yf\n",
    "import math\n",
    "security_data = None\n",
    "if 'security_data.pkl' not in os.listdir():\n",
    "    security_data = {etf: yf.Ticker(etf).history(period='max') for etf in etfs}\n",
    "    pickle.dump(security_data, open('security_data.pkl', 'wb+'))\n",
    "else:\n",
    "    security_data = pickle.load(open('security_data.pkl', 'rb'))\n",
    "for etf in security_data:\n",
    "    security_data[etf] = security_data[etf].tail(600)"
   ]
  },
  {
   "cell_type": "markdown",
   "id": "0b0fa34a-9e2f-4796-8d9d-f69d5afc78d0",
   "metadata": {},
   "source": [
    "## Calculate returns and covariance matrix\n",
    ">$R_t = \\frac{p_t}{p_{t-1}} - 1$ where $p_t$ is the ***close*** price of a security at time t."
   ]
  },
  {
   "cell_type": "code",
   "execution_count": 69,
   "id": "ddd334cc-6d11-4199-871b-f5565e7c21a0",
   "metadata": {},
   "outputs": [],
   "source": [
    "import pandas as pd\n",
    "import numpy as np\n",
    "return_data = {}\n",
    "for etf in security_data:\n",
    "    price_stream = security_data[etf]['Close']\n",
    "    return_stream = [0]\n",
    "    for i in range(1, len(price_stream)):\n",
    "        return_stream.append(price_stream.iloc[i]/price_stream.iloc[i-1] - 1)\n",
    "    return_data[etf] = pd.DataFrame({'Date': security_data[etf].index, 'Returns': return_stream})\n",
    "\n",
    "returns_df = pd.DataFrame({etf: return_data[etf]['Returns'] for etf in return_data}) # returns dataframe where each security is a column vector;\n",
    "covariance_df = returns_df.cov() # covariance matrix! in dataframe format\n",
    "covariance_matrix = np.asmatrix(covariance_df)"
   ]
  },
  {
   "cell_type": "code",
   "execution_count": 78,
   "id": "f46d2616-1b1a-42e4-8f51-67efad2d8a0d",
   "metadata": {},
   "outputs": [
    {
     "name": "stdout",
     "output_type": "stream",
     "text": [
      "Date\n",
      "2022-07-22 00:00:00-04:00   -0.013799\n",
      "2022-07-25 00:00:00-04:00   -0.006340\n",
      "2022-07-26 00:00:00-04:00   -0.016208\n",
      "2022-07-27 00:00:00-04:00    0.043015\n",
      "2022-07-28 00:00:00-04:00    0.015224\n",
      "Name: Close, dtype: float64\n",
      "0    0.000000\n",
      "1   -0.013799\n",
      "2   -0.006340\n",
      "3   -0.016208\n",
      "4    0.043015\n",
      "Name: XLK, dtype: float64\n"
     ]
    },
    {
     "name": "stderr",
     "output_type": "stream",
     "text": [
      "C:\\Users\\Edwar\\AppData\\Local\\Temp\\ipykernel_28668\\3892319894.py:2: FutureWarning: Series.fillna with 'method' is deprecated and will raise in a future version. Use obj.ffill() or obj.bfill() instead.\n",
      "  xlk_returns = xlk_returns.fillna(method='ffill').dropna()\n"
     ]
    }
   ],
   "source": [
    "xlk_returns = security_data['XLK']['Close'] / security_data['XLK']['Close'].shift(1) - 1\n",
    "xlk_returns = xlk_returns.fillna(method='ffill').dropna()\n",
    "print(xlk_returns.head())\n",
    "print(returns_df['XLK'].head())"
   ]
  },
  {
   "cell_type": "code",
   "execution_count": 21,
   "id": "a352e95e-5496-4dc1-97e4-152b6459ec62",
   "metadata": {},
   "outputs": [
    {
     "name": "stdout",
     "output_type": "stream",
     "text": [
      "0.0008937216074743333\n",
      "0.0009083207045281423\n",
      "0.0011283523074697975\n",
      "0.0007362808949427422\n",
      "0.0012573582553310465\n",
      "0.00420649470744691\n",
      "-7.130198595296493e-05\n",
      "0.000801004903176117\n",
      "0.0008931658987100655\n",
      "0.000506120295041404\n",
      "0.002045574498369295\n",
      "-2.367795366347014e-06\n",
      "-0.00664903013836404\n",
      "-0.003356514139965906\n",
      "-0.0009598886427297267\n",
      "-0.0002837826015781806\n",
      "0.0012615453407109868\n",
      "0.002133067576110014\n"
     ]
    }
   ],
   "source": [
    "for etf in security_data:\n",
    "    print(return_data[etf]['Returns'].mean())"
   ]
  },
  {
   "cell_type": "code",
   "execution_count": 22,
   "id": "8a412d1d-7b19-4df1-9a58-5c91bd638c4b",
   "metadata": {},
   "outputs": [
    {
     "data": {
      "text/plain": [
       "matrix([[ 2.54046874e-04,  1.62907989e-04,  1.74649892e-04,\n",
       "          1.77196773e-04,  2.51308284e-04,  2.49110880e-04,\n",
       "          2.08576669e-05,  8.33294896e-05,  9.85686133e-05,\n",
       "          1.08123226e-04,  2.35971498e-04,  1.49334027e-04,\n",
       "          1.49051607e-04,  2.48827279e-04,  1.92762733e-04,\n",
       "          1.61347618e-04,  1.10733112e-04,  1.74764012e-04],\n",
       "        [ 1.62907989e-04,  2.68336884e-04,  2.39218886e-04,\n",
       "          2.14937505e-04,  1.98103669e-04,  3.17155614e-04,\n",
       "          1.59133653e-05,  8.05181811e-05,  1.02320716e-04,\n",
       "          1.13921124e-04,  1.49809160e-04,  1.31130661e-04,\n",
       "          1.29696531e-04,  1.90473663e-04,  1.79433997e-04,\n",
       "          1.47559137e-04,  9.90391362e-05,  1.89804627e-04],\n",
       "        [ 1.74649892e-04,  2.39218886e-04,  4.78550350e-04,\n",
       "          2.73620956e-04,  3.11511117e-04,  3.62798066e-04,\n",
       "          6.87962432e-06,  9.54237080e-05,  1.18069337e-04,\n",
       "          1.61484960e-04,  2.60971421e-04,  2.26873579e-04,\n",
       "          3.40821235e-04,  3.30780956e-04,  2.75571827e-04,\n",
       "          2.39595261e-04,  1.57072142e-04,  2.69661537e-04],\n",
       "        [ 1.77196773e-04,  2.14937505e-04,  2.73620956e-04,\n",
       "          3.89378500e-04,  2.28679514e-04,  3.08787053e-04,\n",
       "          1.48396258e-05,  8.38938863e-05,  1.03781424e-04,\n",
       "          1.21742408e-04,  2.14999251e-04,  1.82547848e-04,\n",
       "          1.63099382e-04,  2.88211354e-04,  1.92924239e-04,\n",
       "          1.80247470e-04,  1.15717031e-04,  2.26973560e-04],\n",
       "        [ 2.51308284e-04,  1.98103669e-04,  3.11511117e-04,\n",
       "          2.28679514e-04,  1.39281564e-03,  4.61512677e-04,\n",
       "         -5.30834729e-06,  1.28736988e-04,  1.33489914e-04,\n",
       "          2.01294426e-04,  5.22595548e-04,  2.62888686e-04,\n",
       "          4.47266398e-04,  6.20457819e-04,  4.00908801e-04,\n",
       "          3.54438769e-04,  1.98933097e-04,  3.69147745e-04],\n",
       "        [ 2.49110880e-04,  3.17155614e-04,  3.62798066e-04,\n",
       "          3.08787053e-04,  4.61512677e-04,  1.10923800e-03,\n",
       "         -3.85335686e-05,  1.30888162e-04,  1.66791607e-04,\n",
       "          1.90951206e-04,  3.96110688e-04,  2.23648715e-04,\n",
       "          2.75158308e-04,  4.73188347e-04,  2.79692278e-04,\n",
       "          2.68078512e-04,  2.71951334e-04,  3.72376839e-04],\n",
       "        [ 2.08576669e-05,  1.59133653e-05,  6.87962432e-06,\n",
       "          1.48396258e-05, -5.30834729e-06, -3.85335686e-05,\n",
       "          9.98689854e-05,  2.88664773e-05,  2.93983834e-05,\n",
       "          1.91285332e-05, -6.56983116e-06,  2.45279079e-05,\n",
       "          7.32820112e-06,  2.27545012e-05,  2.50369069e-05,\n",
       "          3.47367142e-05, -6.66799645e-06,  8.09227545e-06],\n",
       "        [ 8.33294896e-05,  8.05181811e-05,  9.54237080e-05,\n",
       "          8.38938863e-05,  1.28736988e-04,  1.30888162e-04,\n",
       "          2.88664773e-05,  1.35761321e-04,  1.19152756e-04,\n",
       "          8.56699331e-05,  1.07217347e-04,  8.95120788e-05,\n",
       "          5.79822984e-05,  1.23347591e-04,  1.12309555e-04,\n",
       "          1.18890888e-04,  8.78160517e-05,  1.20214157e-04],\n",
       "        [ 9.85686133e-05,  1.02320716e-04,  1.18069337e-04,\n",
       "          1.03781424e-04,  1.33489914e-04,  1.66791607e-04,\n",
       "          2.93983834e-05,  1.19152756e-04,  1.49016846e-04,\n",
       "          1.02508449e-04,  1.14917026e-04,  1.27117968e-04,\n",
       "          1.08014133e-04,  1.58561807e-04,  1.35401375e-04,\n",
       "          1.47121575e-04,  1.07713060e-04,  1.49042172e-04],\n",
       "        [ 1.08123226e-04,  1.13921124e-04,  1.61484960e-04,\n",
       "          1.21742408e-04,  2.01294426e-04,  1.90951206e-04,\n",
       "          1.91285332e-05,  8.56699331e-05,  1.02508449e-04,\n",
       "          3.59108532e-04,  1.97412850e-04,  2.29991673e-04,\n",
       "          2.96123941e-04,  3.53148139e-04,  2.22416567e-04,\n",
       "          2.26063444e-04,  2.01823508e-04,  1.93395245e-04],\n",
       "        [ 2.35971498e-04,  1.49809160e-04,  2.60971421e-04,\n",
       "          2.14999251e-04,  5.22595548e-04,  3.96110688e-04,\n",
       "         -6.56983116e-06,  1.07217347e-04,  1.14917026e-04,\n",
       "          1.97412850e-04,  5.06827527e-03,  5.83595570e-04,\n",
       "          8.80352416e-04,  1.29544309e-03,  7.73774228e-04,\n",
       "          6.87696644e-04,  3.41509932e-04,  3.31760048e-04],\n",
       "        [ 1.49334027e-04,  1.31130661e-04,  2.26873579e-04,\n",
       "          1.82547848e-04,  2.62888686e-04,  2.23648715e-04,\n",
       "          2.45279079e-05,  8.95120788e-05,  1.27117968e-04,\n",
       "          2.29991673e-04,  5.83595570e-04,  1.15248143e-03,\n",
       "          5.58767742e-04,  6.05287194e-04,  3.50415925e-04,\n",
       "          4.37648913e-04,  2.97072041e-04,  2.37105711e-04],\n",
       "        [ 1.49051607e-04,  1.29696531e-04,  3.40821235e-04,\n",
       "          1.63099382e-04,  4.47266398e-04,  2.75158308e-04,\n",
       "          7.32820112e-06,  5.79822984e-05,  1.08014133e-04,\n",
       "          2.96123941e-04,  8.80352416e-04,  5.58767742e-04,\n",
       "          7.18578115e-03,  9.39057235e-04,  5.20274203e-04,\n",
       "          2.79718182e-04,  3.37708060e-04,  3.94624960e-04],\n",
       "        [ 2.48827279e-04,  1.90473663e-04,  3.30780956e-04,\n",
       "          2.88211354e-04,  6.20457819e-04,  4.73188347e-04,\n",
       "          2.27545012e-05,  1.23347591e-04,  1.58561807e-04,\n",
       "          3.53148139e-04,  1.29544309e-03,  6.05287194e-04,\n",
       "          9.39057235e-04,  3.36040023e-03,  6.88074271e-04,\n",
       "          8.71368074e-04,  4.90275411e-04,  4.88211607e-04],\n",
       "        [ 1.92762733e-04,  1.79433997e-04,  2.75571827e-04,\n",
       "          1.92924239e-04,  4.00908801e-04,  2.79692278e-04,\n",
       "          2.50369069e-05,  1.12309555e-04,  1.35401375e-04,\n",
       "          2.22416567e-04,  7.73774228e-04,  3.50415925e-04,\n",
       "          5.20274203e-04,  6.88074271e-04,  1.16810008e-03,\n",
       "          4.83922872e-04,  2.44221808e-04,  3.28633079e-04],\n",
       "        [ 1.61347618e-04,  1.47559137e-04,  2.39595261e-04,\n",
       "          1.80247470e-04,  3.54438769e-04,  2.68078512e-04,\n",
       "          3.47367142e-05,  1.18890888e-04,  1.47121575e-04,\n",
       "          2.26063444e-04,  6.87696644e-04,  4.37648913e-04,\n",
       "          2.79718182e-04,  8.71368074e-04,  4.83922872e-04,\n",
       "          1.48772319e-03,  5.97884428e-04,  2.66684896e-04],\n",
       "        [ 1.10733112e-04,  9.90391362e-05,  1.57072142e-04,\n",
       "          1.15717031e-04,  1.98933097e-04,  2.71951334e-04,\n",
       "         -6.66799645e-06,  8.78160517e-05,  1.07713060e-04,\n",
       "          2.01823508e-04,  3.41509932e-04,  2.97072041e-04,\n",
       "          3.37708060e-04,  4.90275411e-04,  2.44221808e-04,\n",
       "          5.97884428e-04,  1.36020818e-03,  2.45645599e-04],\n",
       "        [ 1.74764012e-04,  1.89804627e-04,  2.69661537e-04,\n",
       "          2.26973560e-04,  3.69147745e-04,  3.72376839e-04,\n",
       "          8.09227545e-06,  1.20214157e-04,  1.49042172e-04,\n",
       "          1.93395245e-04,  3.31760048e-04,  2.37105711e-04,\n",
       "          3.94624960e-04,  4.88211607e-04,  3.28633079e-04,\n",
       "          2.66684896e-04,  2.45645599e-04,  8.02246710e-04]])"
      ]
     },
     "execution_count": 22,
     "metadata": {},
     "output_type": "execute_result"
    }
   ],
   "source": [
    "covariance_matrix"
   ]
  },
  {
   "cell_type": "code",
   "execution_count": 23,
   "id": "5f6408f4-6520-4a3d-90be-355172eea616",
   "metadata": {},
   "outputs": [
    {
     "data": {
      "text/html": [
       "<div>\n",
       "<style scoped>\n",
       "    .dataframe tbody tr th:only-of-type {\n",
       "        vertical-align: middle;\n",
       "    }\n",
       "\n",
       "    .dataframe tbody tr th {\n",
       "        vertical-align: top;\n",
       "    }\n",
       "\n",
       "    .dataframe thead th {\n",
       "        text-align: right;\n",
       "    }\n",
       "</style>\n",
       "<table border=\"1\" class=\"dataframe\">\n",
       "  <thead>\n",
       "    <tr style=\"text-align: right;\">\n",
       "      <th></th>\n",
       "      <th>AAPL</th>\n",
       "      <th>MSFT</th>\n",
       "      <th>AMZN</th>\n",
       "      <th>GOOGL</th>\n",
       "      <th>TSLA</th>\n",
       "      <th>NVDA</th>\n",
       "      <th>JNJ</th>\n",
       "      <th>V</th>\n",
       "      <th>MA</th>\n",
       "      <th>DIS</th>\n",
       "      <th>GME</th>\n",
       "      <th>KSS</th>\n",
       "      <th>XELA</th>\n",
       "      <th>SPCE</th>\n",
       "      <th>BB</th>\n",
       "      <th>CLNE</th>\n",
       "      <th>RIG</th>\n",
       "      <th>MELI</th>\n",
       "    </tr>\n",
       "  </thead>\n",
       "  <tbody>\n",
       "    <tr>\n",
       "      <th>AAPL</th>\n",
       "      <td>0.000254</td>\n",
       "      <td>0.000163</td>\n",
       "      <td>0.000175</td>\n",
       "      <td>0.000177</td>\n",
       "      <td>0.000251</td>\n",
       "      <td>0.000249</td>\n",
       "      <td>0.000021</td>\n",
       "      <td>0.000083</td>\n",
       "      <td>0.000099</td>\n",
       "      <td>0.000108</td>\n",
       "      <td>0.000236</td>\n",
       "      <td>0.000149</td>\n",
       "      <td>0.000149</td>\n",
       "      <td>0.000249</td>\n",
       "      <td>0.000193</td>\n",
       "      <td>0.000161</td>\n",
       "      <td>0.000111</td>\n",
       "      <td>0.000175</td>\n",
       "    </tr>\n",
       "    <tr>\n",
       "      <th>MSFT</th>\n",
       "      <td>0.000163</td>\n",
       "      <td>0.000268</td>\n",
       "      <td>0.000239</td>\n",
       "      <td>0.000215</td>\n",
       "      <td>0.000198</td>\n",
       "      <td>0.000317</td>\n",
       "      <td>0.000016</td>\n",
       "      <td>0.000081</td>\n",
       "      <td>0.000102</td>\n",
       "      <td>0.000114</td>\n",
       "      <td>0.000150</td>\n",
       "      <td>0.000131</td>\n",
       "      <td>0.000130</td>\n",
       "      <td>0.000190</td>\n",
       "      <td>0.000179</td>\n",
       "      <td>0.000148</td>\n",
       "      <td>0.000099</td>\n",
       "      <td>0.000190</td>\n",
       "    </tr>\n",
       "    <tr>\n",
       "      <th>AMZN</th>\n",
       "      <td>0.000175</td>\n",
       "      <td>0.000239</td>\n",
       "      <td>0.000479</td>\n",
       "      <td>0.000274</td>\n",
       "      <td>0.000312</td>\n",
       "      <td>0.000363</td>\n",
       "      <td>0.000007</td>\n",
       "      <td>0.000095</td>\n",
       "      <td>0.000118</td>\n",
       "      <td>0.000161</td>\n",
       "      <td>0.000261</td>\n",
       "      <td>0.000227</td>\n",
       "      <td>0.000341</td>\n",
       "      <td>0.000331</td>\n",
       "      <td>0.000276</td>\n",
       "      <td>0.000240</td>\n",
       "      <td>0.000157</td>\n",
       "      <td>0.000270</td>\n",
       "    </tr>\n",
       "    <tr>\n",
       "      <th>GOOGL</th>\n",
       "      <td>0.000177</td>\n",
       "      <td>0.000215</td>\n",
       "      <td>0.000274</td>\n",
       "      <td>0.000389</td>\n",
       "      <td>0.000229</td>\n",
       "      <td>0.000309</td>\n",
       "      <td>0.000015</td>\n",
       "      <td>0.000084</td>\n",
       "      <td>0.000104</td>\n",
       "      <td>0.000122</td>\n",
       "      <td>0.000215</td>\n",
       "      <td>0.000183</td>\n",
       "      <td>0.000163</td>\n",
       "      <td>0.000288</td>\n",
       "      <td>0.000193</td>\n",
       "      <td>0.000180</td>\n",
       "      <td>0.000116</td>\n",
       "      <td>0.000227</td>\n",
       "    </tr>\n",
       "    <tr>\n",
       "      <th>TSLA</th>\n",
       "      <td>0.000251</td>\n",
       "      <td>0.000198</td>\n",
       "      <td>0.000312</td>\n",
       "      <td>0.000229</td>\n",
       "      <td>0.001393</td>\n",
       "      <td>0.000462</td>\n",
       "      <td>-0.000005</td>\n",
       "      <td>0.000129</td>\n",
       "      <td>0.000133</td>\n",
       "      <td>0.000201</td>\n",
       "      <td>0.000523</td>\n",
       "      <td>0.000263</td>\n",
       "      <td>0.000447</td>\n",
       "      <td>0.000620</td>\n",
       "      <td>0.000401</td>\n",
       "      <td>0.000354</td>\n",
       "      <td>0.000199</td>\n",
       "      <td>0.000369</td>\n",
       "    </tr>\n",
       "    <tr>\n",
       "      <th>NVDA</th>\n",
       "      <td>0.000249</td>\n",
       "      <td>0.000317</td>\n",
       "      <td>0.000363</td>\n",
       "      <td>0.000309</td>\n",
       "      <td>0.000462</td>\n",
       "      <td>0.001109</td>\n",
       "      <td>-0.000039</td>\n",
       "      <td>0.000131</td>\n",
       "      <td>0.000167</td>\n",
       "      <td>0.000191</td>\n",
       "      <td>0.000396</td>\n",
       "      <td>0.000224</td>\n",
       "      <td>0.000275</td>\n",
       "      <td>0.000473</td>\n",
       "      <td>0.000280</td>\n",
       "      <td>0.000268</td>\n",
       "      <td>0.000272</td>\n",
       "      <td>0.000372</td>\n",
       "    </tr>\n",
       "    <tr>\n",
       "      <th>JNJ</th>\n",
       "      <td>0.000021</td>\n",
       "      <td>0.000016</td>\n",
       "      <td>0.000007</td>\n",
       "      <td>0.000015</td>\n",
       "      <td>-0.000005</td>\n",
       "      <td>-0.000039</td>\n",
       "      <td>0.000100</td>\n",
       "      <td>0.000029</td>\n",
       "      <td>0.000029</td>\n",
       "      <td>0.000019</td>\n",
       "      <td>-0.000007</td>\n",
       "      <td>0.000025</td>\n",
       "      <td>0.000007</td>\n",
       "      <td>0.000023</td>\n",
       "      <td>0.000025</td>\n",
       "      <td>0.000035</td>\n",
       "      <td>-0.000007</td>\n",
       "      <td>0.000008</td>\n",
       "    </tr>\n",
       "    <tr>\n",
       "      <th>V</th>\n",
       "      <td>0.000083</td>\n",
       "      <td>0.000081</td>\n",
       "      <td>0.000095</td>\n",
       "      <td>0.000084</td>\n",
       "      <td>0.000129</td>\n",
       "      <td>0.000131</td>\n",
       "      <td>0.000029</td>\n",
       "      <td>0.000136</td>\n",
       "      <td>0.000119</td>\n",
       "      <td>0.000086</td>\n",
       "      <td>0.000107</td>\n",
       "      <td>0.000090</td>\n",
       "      <td>0.000058</td>\n",
       "      <td>0.000123</td>\n",
       "      <td>0.000112</td>\n",
       "      <td>0.000119</td>\n",
       "      <td>0.000088</td>\n",
       "      <td>0.000120</td>\n",
       "    </tr>\n",
       "    <tr>\n",
       "      <th>MA</th>\n",
       "      <td>0.000099</td>\n",
       "      <td>0.000102</td>\n",
       "      <td>0.000118</td>\n",
       "      <td>0.000104</td>\n",
       "      <td>0.000133</td>\n",
       "      <td>0.000167</td>\n",
       "      <td>0.000029</td>\n",
       "      <td>0.000119</td>\n",
       "      <td>0.000149</td>\n",
       "      <td>0.000103</td>\n",
       "      <td>0.000115</td>\n",
       "      <td>0.000127</td>\n",
       "      <td>0.000108</td>\n",
       "      <td>0.000159</td>\n",
       "      <td>0.000135</td>\n",
       "      <td>0.000147</td>\n",
       "      <td>0.000108</td>\n",
       "      <td>0.000149</td>\n",
       "    </tr>\n",
       "    <tr>\n",
       "      <th>DIS</th>\n",
       "      <td>0.000108</td>\n",
       "      <td>0.000114</td>\n",
       "      <td>0.000161</td>\n",
       "      <td>0.000122</td>\n",
       "      <td>0.000201</td>\n",
       "      <td>0.000191</td>\n",
       "      <td>0.000019</td>\n",
       "      <td>0.000086</td>\n",
       "      <td>0.000103</td>\n",
       "      <td>0.000359</td>\n",
       "      <td>0.000197</td>\n",
       "      <td>0.000230</td>\n",
       "      <td>0.000296</td>\n",
       "      <td>0.000353</td>\n",
       "      <td>0.000222</td>\n",
       "      <td>0.000226</td>\n",
       "      <td>0.000202</td>\n",
       "      <td>0.000193</td>\n",
       "    </tr>\n",
       "    <tr>\n",
       "      <th>GME</th>\n",
       "      <td>0.000236</td>\n",
       "      <td>0.000150</td>\n",
       "      <td>0.000261</td>\n",
       "      <td>0.000215</td>\n",
       "      <td>0.000523</td>\n",
       "      <td>0.000396</td>\n",
       "      <td>-0.000007</td>\n",
       "      <td>0.000107</td>\n",
       "      <td>0.000115</td>\n",
       "      <td>0.000197</td>\n",
       "      <td>0.005068</td>\n",
       "      <td>0.000584</td>\n",
       "      <td>0.000880</td>\n",
       "      <td>0.001295</td>\n",
       "      <td>0.000774</td>\n",
       "      <td>0.000688</td>\n",
       "      <td>0.000342</td>\n",
       "      <td>0.000332</td>\n",
       "    </tr>\n",
       "    <tr>\n",
       "      <th>KSS</th>\n",
       "      <td>0.000149</td>\n",
       "      <td>0.000131</td>\n",
       "      <td>0.000227</td>\n",
       "      <td>0.000183</td>\n",
       "      <td>0.000263</td>\n",
       "      <td>0.000224</td>\n",
       "      <td>0.000025</td>\n",
       "      <td>0.000090</td>\n",
       "      <td>0.000127</td>\n",
       "      <td>0.000230</td>\n",
       "      <td>0.000584</td>\n",
       "      <td>0.001152</td>\n",
       "      <td>0.000559</td>\n",
       "      <td>0.000605</td>\n",
       "      <td>0.000350</td>\n",
       "      <td>0.000438</td>\n",
       "      <td>0.000297</td>\n",
       "      <td>0.000237</td>\n",
       "    </tr>\n",
       "    <tr>\n",
       "      <th>XELA</th>\n",
       "      <td>0.000149</td>\n",
       "      <td>0.000130</td>\n",
       "      <td>0.000341</td>\n",
       "      <td>0.000163</td>\n",
       "      <td>0.000447</td>\n",
       "      <td>0.000275</td>\n",
       "      <td>0.000007</td>\n",
       "      <td>0.000058</td>\n",
       "      <td>0.000108</td>\n",
       "      <td>0.000296</td>\n",
       "      <td>0.000880</td>\n",
       "      <td>0.000559</td>\n",
       "      <td>0.007186</td>\n",
       "      <td>0.000939</td>\n",
       "      <td>0.000520</td>\n",
       "      <td>0.000280</td>\n",
       "      <td>0.000338</td>\n",
       "      <td>0.000395</td>\n",
       "    </tr>\n",
       "    <tr>\n",
       "      <th>SPCE</th>\n",
       "      <td>0.000249</td>\n",
       "      <td>0.000190</td>\n",
       "      <td>0.000331</td>\n",
       "      <td>0.000288</td>\n",
       "      <td>0.000620</td>\n",
       "      <td>0.000473</td>\n",
       "      <td>0.000023</td>\n",
       "      <td>0.000123</td>\n",
       "      <td>0.000159</td>\n",
       "      <td>0.000353</td>\n",
       "      <td>0.001295</td>\n",
       "      <td>0.000605</td>\n",
       "      <td>0.000939</td>\n",
       "      <td>0.003360</td>\n",
       "      <td>0.000688</td>\n",
       "      <td>0.000871</td>\n",
       "      <td>0.000490</td>\n",
       "      <td>0.000488</td>\n",
       "    </tr>\n",
       "    <tr>\n",
       "      <th>BB</th>\n",
       "      <td>0.000193</td>\n",
       "      <td>0.000179</td>\n",
       "      <td>0.000276</td>\n",
       "      <td>0.000193</td>\n",
       "      <td>0.000401</td>\n",
       "      <td>0.000280</td>\n",
       "      <td>0.000025</td>\n",
       "      <td>0.000112</td>\n",
       "      <td>0.000135</td>\n",
       "      <td>0.000222</td>\n",
       "      <td>0.000774</td>\n",
       "      <td>0.000350</td>\n",
       "      <td>0.000520</td>\n",
       "      <td>0.000688</td>\n",
       "      <td>0.001168</td>\n",
       "      <td>0.000484</td>\n",
       "      <td>0.000244</td>\n",
       "      <td>0.000329</td>\n",
       "    </tr>\n",
       "    <tr>\n",
       "      <th>CLNE</th>\n",
       "      <td>0.000161</td>\n",
       "      <td>0.000148</td>\n",
       "      <td>0.000240</td>\n",
       "      <td>0.000180</td>\n",
       "      <td>0.000354</td>\n",
       "      <td>0.000268</td>\n",
       "      <td>0.000035</td>\n",
       "      <td>0.000119</td>\n",
       "      <td>0.000147</td>\n",
       "      <td>0.000226</td>\n",
       "      <td>0.000688</td>\n",
       "      <td>0.000438</td>\n",
       "      <td>0.000280</td>\n",
       "      <td>0.000871</td>\n",
       "      <td>0.000484</td>\n",
       "      <td>0.001488</td>\n",
       "      <td>0.000598</td>\n",
       "      <td>0.000267</td>\n",
       "    </tr>\n",
       "    <tr>\n",
       "      <th>RIG</th>\n",
       "      <td>0.000111</td>\n",
       "      <td>0.000099</td>\n",
       "      <td>0.000157</td>\n",
       "      <td>0.000116</td>\n",
       "      <td>0.000199</td>\n",
       "      <td>0.000272</td>\n",
       "      <td>-0.000007</td>\n",
       "      <td>0.000088</td>\n",
       "      <td>0.000108</td>\n",
       "      <td>0.000202</td>\n",
       "      <td>0.000342</td>\n",
       "      <td>0.000297</td>\n",
       "      <td>0.000338</td>\n",
       "      <td>0.000490</td>\n",
       "      <td>0.000244</td>\n",
       "      <td>0.000598</td>\n",
       "      <td>0.001360</td>\n",
       "      <td>0.000246</td>\n",
       "    </tr>\n",
       "    <tr>\n",
       "      <th>MELI</th>\n",
       "      <td>0.000175</td>\n",
       "      <td>0.000190</td>\n",
       "      <td>0.000270</td>\n",
       "      <td>0.000227</td>\n",
       "      <td>0.000369</td>\n",
       "      <td>0.000372</td>\n",
       "      <td>0.000008</td>\n",
       "      <td>0.000120</td>\n",
       "      <td>0.000149</td>\n",
       "      <td>0.000193</td>\n",
       "      <td>0.000332</td>\n",
       "      <td>0.000237</td>\n",
       "      <td>0.000395</td>\n",
       "      <td>0.000488</td>\n",
       "      <td>0.000329</td>\n",
       "      <td>0.000267</td>\n",
       "      <td>0.000246</td>\n",
       "      <td>0.000802</td>\n",
       "    </tr>\n",
       "  </tbody>\n",
       "</table>\n",
       "</div>"
      ],
      "text/plain": [
       "           AAPL      MSFT      AMZN     GOOGL      TSLA      NVDA       JNJ  \\\n",
       "AAPL   0.000254  0.000163  0.000175  0.000177  0.000251  0.000249  0.000021   \n",
       "MSFT   0.000163  0.000268  0.000239  0.000215  0.000198  0.000317  0.000016   \n",
       "AMZN   0.000175  0.000239  0.000479  0.000274  0.000312  0.000363  0.000007   \n",
       "GOOGL  0.000177  0.000215  0.000274  0.000389  0.000229  0.000309  0.000015   \n",
       "TSLA   0.000251  0.000198  0.000312  0.000229  0.001393  0.000462 -0.000005   \n",
       "NVDA   0.000249  0.000317  0.000363  0.000309  0.000462  0.001109 -0.000039   \n",
       "JNJ    0.000021  0.000016  0.000007  0.000015 -0.000005 -0.000039  0.000100   \n",
       "V      0.000083  0.000081  0.000095  0.000084  0.000129  0.000131  0.000029   \n",
       "MA     0.000099  0.000102  0.000118  0.000104  0.000133  0.000167  0.000029   \n",
       "DIS    0.000108  0.000114  0.000161  0.000122  0.000201  0.000191  0.000019   \n",
       "GME    0.000236  0.000150  0.000261  0.000215  0.000523  0.000396 -0.000007   \n",
       "KSS    0.000149  0.000131  0.000227  0.000183  0.000263  0.000224  0.000025   \n",
       "XELA   0.000149  0.000130  0.000341  0.000163  0.000447  0.000275  0.000007   \n",
       "SPCE   0.000249  0.000190  0.000331  0.000288  0.000620  0.000473  0.000023   \n",
       "BB     0.000193  0.000179  0.000276  0.000193  0.000401  0.000280  0.000025   \n",
       "CLNE   0.000161  0.000148  0.000240  0.000180  0.000354  0.000268  0.000035   \n",
       "RIG    0.000111  0.000099  0.000157  0.000116  0.000199  0.000272 -0.000007   \n",
       "MELI   0.000175  0.000190  0.000270  0.000227  0.000369  0.000372  0.000008   \n",
       "\n",
       "              V        MA       DIS       GME       KSS      XELA      SPCE  \\\n",
       "AAPL   0.000083  0.000099  0.000108  0.000236  0.000149  0.000149  0.000249   \n",
       "MSFT   0.000081  0.000102  0.000114  0.000150  0.000131  0.000130  0.000190   \n",
       "AMZN   0.000095  0.000118  0.000161  0.000261  0.000227  0.000341  0.000331   \n",
       "GOOGL  0.000084  0.000104  0.000122  0.000215  0.000183  0.000163  0.000288   \n",
       "TSLA   0.000129  0.000133  0.000201  0.000523  0.000263  0.000447  0.000620   \n",
       "NVDA   0.000131  0.000167  0.000191  0.000396  0.000224  0.000275  0.000473   \n",
       "JNJ    0.000029  0.000029  0.000019 -0.000007  0.000025  0.000007  0.000023   \n",
       "V      0.000136  0.000119  0.000086  0.000107  0.000090  0.000058  0.000123   \n",
       "MA     0.000119  0.000149  0.000103  0.000115  0.000127  0.000108  0.000159   \n",
       "DIS    0.000086  0.000103  0.000359  0.000197  0.000230  0.000296  0.000353   \n",
       "GME    0.000107  0.000115  0.000197  0.005068  0.000584  0.000880  0.001295   \n",
       "KSS    0.000090  0.000127  0.000230  0.000584  0.001152  0.000559  0.000605   \n",
       "XELA   0.000058  0.000108  0.000296  0.000880  0.000559  0.007186  0.000939   \n",
       "SPCE   0.000123  0.000159  0.000353  0.001295  0.000605  0.000939  0.003360   \n",
       "BB     0.000112  0.000135  0.000222  0.000774  0.000350  0.000520  0.000688   \n",
       "CLNE   0.000119  0.000147  0.000226  0.000688  0.000438  0.000280  0.000871   \n",
       "RIG    0.000088  0.000108  0.000202  0.000342  0.000297  0.000338  0.000490   \n",
       "MELI   0.000120  0.000149  0.000193  0.000332  0.000237  0.000395  0.000488   \n",
       "\n",
       "             BB      CLNE       RIG      MELI  \n",
       "AAPL   0.000193  0.000161  0.000111  0.000175  \n",
       "MSFT   0.000179  0.000148  0.000099  0.000190  \n",
       "AMZN   0.000276  0.000240  0.000157  0.000270  \n",
       "GOOGL  0.000193  0.000180  0.000116  0.000227  \n",
       "TSLA   0.000401  0.000354  0.000199  0.000369  \n",
       "NVDA   0.000280  0.000268  0.000272  0.000372  \n",
       "JNJ    0.000025  0.000035 -0.000007  0.000008  \n",
       "V      0.000112  0.000119  0.000088  0.000120  \n",
       "MA     0.000135  0.000147  0.000108  0.000149  \n",
       "DIS    0.000222  0.000226  0.000202  0.000193  \n",
       "GME    0.000774  0.000688  0.000342  0.000332  \n",
       "KSS    0.000350  0.000438  0.000297  0.000237  \n",
       "XELA   0.000520  0.000280  0.000338  0.000395  \n",
       "SPCE   0.000688  0.000871  0.000490  0.000488  \n",
       "BB     0.001168  0.000484  0.000244  0.000329  \n",
       "CLNE   0.000484  0.001488  0.000598  0.000267  \n",
       "RIG    0.000244  0.000598  0.001360  0.000246  \n",
       "MELI   0.000329  0.000267  0.000246  0.000802  "
      ]
     },
     "execution_count": 23,
     "metadata": {},
     "output_type": "execute_result"
    }
   ],
   "source": [
    "covariance_df"
   ]
  },
  {
   "cell_type": "code",
   "execution_count": 24,
   "id": "8c31de1a-f7ae-4dce-9681-5f5996d0aa9c",
   "metadata": {},
   "outputs": [],
   "source": [
    "def backtest(returns_dict, weights_dict):\n",
    "    adjusted_returns_dict = {etf: returns_dict[etf].copy() for etf in returns_dict} # copy original returns dictionary\n",
    "    for etf in adjusted_returns_dict: # adjusted returns simply add 1 to the 'Returns' so that you can multiple all returns together to get the total returns\n",
    "        adjusted_returns_dict[etf]['Adjusted Returns'] = adjusted_returns_dict[etf]['Returns'] + 1\n",
    "    total_returns = 0\n",
    "    for etf in adjusted_returns_dict:\n",
    "        #total_returns += weights_dict[etf] * adjusted_returns_dict[etf]['Adjusted Returns'].cumprod().iloc[-1]\n",
    "        total_returns += weights_dict[etf] * returns_dict[etf]['Returns'].mean()\n",
    "    return total_returns\n",
    "\n",
    "def negated_backtest_1_arg(weights_list):\n",
    "    #print(weights_list)\n",
    "    weights_dict = {etf: weights_list[i] for i, etf in enumerate(sorted(list(return_data.keys())))}\n",
    "    return -1 * backtest(return_data, weights_dict)\n",
    "\n",
    "def weights_constraint(x):\n",
    "    ones = np.ones((1,len(x))).T # nx1 column vector of 1's\n",
    "    w = np.asmatrix(x).T # nx1 column vector of weights\n",
    "    return (ones.T @ w).item() - 1\n",
    "\n",
    "def variance_constraint(x, gamma):\n",
    "    w = np.asmatrix(x).T #nx1 column vector of weights\n",
    "    #print((w.T @ covariance_matrix @ w).item())\n",
    "    import math\n",
    "    return math.sqrt( (w.T @ covariance_matrix @ w).item() ) - gamma # variance = (wT)(C)(w)"
   ]
  },
  {
   "cell_type": "code",
   "execution_count": 25,
   "id": "4528a070-c3df-413e-8428-ad937a5f0e48",
   "metadata": {},
   "outputs": [
    {
     "data": {
      "text/plain": [
       "np.float64(0.0)"
      ]
     },
     "execution_count": 25,
     "metadata": {},
     "output_type": "execute_result"
    }
   ],
   "source": [
    "weights_dict = {etf: 0 for etf in return_data}\n",
    "weights_dict['XLP'] = 1\n",
    "backtest(return_data, weights_dict)\n",
    "#negated_backtest_1_arg(weights_dict)"
   ]
  },
  {
   "cell_type": "code",
   "execution_count": 26,
   "id": "ccb9a121-81a6-4079-94b5-fd8fb73ba159",
   "metadata": {},
   "outputs": [
    {
     "name": "stdout",
     "output_type": "stream",
     "text": [
      "0.017596128620653278\n"
     ]
    },
    {
     "name": "stderr",
     "output_type": "stream",
     "text": [
      "C:\\Users\\Edwar\\AppData\\Local\\Temp\\ipykernel_28668\\4162463680.py:2: DeprecationWarning: Conversion of an array with ndim > 0 to a scalar is deprecated, and will error in future. Ensure you extract a single element from your array before performing this operation. (Deprecated NumPy 1.25.)\n",
      "  print(math.sqrt(w.T @ covariance_matrix @ w))\n"
     ]
    }
   ],
   "source": [
    "w = np.asmatrix([1/len(return_data) for etf in return_data]).T\n",
    "print(math.sqrt(w.T @ covariance_matrix @ w))"
   ]
  },
  {
   "cell_type": "code",
   "execution_count": 58,
   "id": "a5452cf4-686f-4030-b504-c5bb7c98dccf",
   "metadata": {},
   "outputs": [],
   "source": [
    "import scipy\n",
    "from scipy.optimize import minimize\n",
    "\n",
    "x0 = [1/len(return_data) for etf in return_data]\n",
    "gamma = 0.001\n",
    "constraints = [{'type': 'eq', 'fun': weights_constraint}, {'type': 'ineq', 'fun': variance_constraint, 'args': (gamma,)}]\n",
    "bounds = [(0,1) for etf in return_data]\n",
    "options = {\n",
    "    'maxiter': 20,\n",
    "    'ftol': 1e-3\n",
    "}\n",
    "\n",
    "answers = [] #(return, risk, weights)\n",
    "for i in np.arange(0, 0.5, 0.001):\n",
    "    #print(i)\n",
    "    gamma = i\n",
    "    constraints = [{'type': 'eq', 'fun': weights_constraint}, {'type': 'ineq', 'fun': variance_constraint, 'args': (gamma,)}]\n",
    "    optimal_weights = scipy.optimize.minimize(negated_backtest_1_arg, x0, bounds=bounds, constraints=constraints, options=options)\n",
    "    answers.append((-optimal_weights['fun'], variance_constraint(optimal_weights['x'], gamma) + gamma, optimal_weights['x']))"
   ]
  },
  {
   "cell_type": "code",
   "execution_count": 59,
   "id": "f936bcbf-b6b4-4642-87b5-1302b538a204",
   "metadata": {},
   "outputs": [
    {
     "name": "stdout",
     "output_type": "stream",
     "text": [
      " message: Positive directional derivative for linesearch\n",
      " success: False\n",
      "  status: 8\n",
      "     fun: -0.004206494707448926\n",
      "       x: [ 2.104e-16  1.184e-15 ...  2.760e-17  2.729e-17]\n",
      "     nit: 23\n",
      "     jac: [-8.937e-04 -1.128e-03 ... -8.010e-04  6.649e-03]\n",
      "    nfev: 521\n",
      "    njev: 19\n"
     ]
    }
   ],
   "source": [
    "#gamma = 0.04\n",
    "constraints = [{'type': 'eq', 'fun': weights_constraint}, {'type': 'ineq', 'fun': variance_constraint, 'args': (gamma,)}]\n",
    "a = scipy.optimize.minimize(negated_backtest_1_arg, x0, bounds=bounds, constraints=constraints)\n",
    "print(a)"
   ]
  },
  {
   "cell_type": "code",
   "execution_count": 60,
   "id": "8c0daf94-323f-4739-9f74-8fa627338815",
   "metadata": {},
   "outputs": [
    {
     "name": "stdout",
     "output_type": "stream",
     "text": [
      "500\n"
     ]
    },
    {
     "data": {
      "text/plain": [
       "<matplotlib.collections.PathCollection at 0x2cac462bc50>"
      ]
     },
     "execution_count": 60,
     "metadata": {},
     "output_type": "execute_result"
    },
    {
     "data": {
